start=385.042000
speed=1.464100
